00000000000000000000000000000000000000000000000000000000000000000000000000000000
00000000000000000000000000000000000000000000000000000000000000000000000000000000
00000000000000000000000000000000000000000000000000000000000000000000000000000000
00000000000000000000000000000000000000000000000000000000000000000000000000000000
00000000000000000000000000000000000000000000000000000000000000000000000000000000
00000000000000000000000000000000000000000000000000000000000000000000000000000000
00000000000000000000000000000000000000000000000000000000000000000000000000000000
00000000000000000000000000000000000000000000000000000000000000000000000000000000
11110000000000000000000000000000000000000000000000000000000000000000000000000000
10001000000000100000000000000000000000000000000000000000000000000000000000000000
10000000000011000000000000000000000000000000000000000000000000000000000000000000
01001001100000111000000000000000000000000000000000000000000000000000000000000000
00000011100000011100000000000000000000000000000000000000000000000000000000000000
01001001100000111000000000000000000000000000000000000000000000000000000000000000
10000000000011000000000000000000000000000000000000000000000000000000000000000000
10001000000000100000000000000000000000000000000000000000000000000000000000000000
11110000000000000000000000000000000000000000000000000000000000000000000000000000
00000000000000000000000000000000000000000000000000000000000000000000000000000000
00000000000000000000000000000000000000000000000000000000000000000000000000000000
00000000000000000000000000000000000000000000000000000000000000000000000000000000
00000000000000000000000000000000000000000000000000000000000000000000000000000000
00000000000000000000000000000000000000000000000000000000000000000000000000000000
00000000000000000000000000000000000000000000000000000000000000000000000000000000
00000000000000000000000000000000000000000000000000000000000000000000000000000000
00000000000000000000000000000000000000000000000000000000000000000000000000000000